50 113 9

210

0 41 42 6
0 13 8 1
0 7 6 10
0 6 40 5
0 1 43 1
0 2 12 7
0 3 27 7
0 4 22 9
1 46 5 5
1 40 23 10
1 39 2 8
1 13 22 5
1 41 46 9
1 25 48 8
1 24 9 3
1 22 3 2
1 14 36 2
1 2 5 3
1 3 36 8
1 4 38 1
2 14 32 9
2 33 13 4
2 35 32 5
2 28 32 5
2 26 29 6
2 3 40 7
2 4 17 4
3 42 12 6
3 40 33 6
3 35 46 8
3 33 14 3
3 4 9 3
4 41 16 4
4 47 7 1
4 44 21 8
5 6 6 1
7 8 21 2
7 9 2 8
8 9 1 7
9 37 2 2
10 11 31 9
10 12 41 1
10 13 28 4
11 12 14 10
11 13 31 8
12 13 9 8
14 39 28 6
14 15 38 6
16 17 13 8
16 18 40 9
16 19 33 3
16 20 14 6
16 21 7 3
16 22 8 3
16 23 12 6
17 18 18 4
17 19 47 1
17 20 34 5
17 21 18 9
17 22 25 6
17 23 8 4
18 19 40 9
18 20 1 5
18 21 21 5
18 22 44 3
18 23 7 1
19 20 17 9
19 21 41 6
19 22 22 8
19 23 27 2
20 21 27 4
20 22 15 5
20 23 23 10
21 22 46 1
21 23 13 2
22 23 45 9
27 28 17 1
27 29 47 4
27 30 38 8
27 31 1 9
28 29 46 9
28 30 5 7
28 31 2 1
29 30 11 8
29 31 39 9
30 31 21 1
32 33 49 6
34 35 12 3
34 36 48 8
34 37 5 9
34 38 23 10
35 36 17 6
35 37 49 9
35 38 33 3
36 37 11 2
36 38 6 2
37 38 43 8
39 40 29 2
40 48 44 4
41 42 10 3
41 43 31 4
42 43 20 8
43 47 14 8
45 46 9 5
45 47 10 10
45 48 10 4
45 49 50 5
46 47 26 5
46 48 41 9
46 49 27 3
47 48 22 4
47 49 50 8
48 49 8 5

0 38 58
1 5 4
2 23 47
3 18 80
4 29 70
5 21 50
6 12 41
7 31 34
8 48 47
