50 99 9

240

0 47 7 7
0 14 14 3
0 8 37 10
0 6 1 10
0 5 14 4
0 1 20 7
0 2 6 7
0 3 30 3
0 4 50 9
1 10 28 8
1 8 22 6
1 28 44 5
1 25 40 9
1 21 10 9
1 20 4 6
1 2 29 7
1 3 1 9
1 4 17 10
2 12 8 4
2 44 5 8
2 45 4 10
2 41 15 3
2 30 15 6
2 3 33 5
2 4 3 1
3 28 39 1
3 45 29 4
3 43 42 5
3 37 17 6
3 34 2 1
3 32 15 7
3 4 40 2
4 5 16 9
4 39 4 4
4 49 48 7
6 7 16 1
8 9 49 2
8 10 20 10
8 11 37 1
9 10 16 2
9 11 47 9
10 11 23 7
12 13 6 9
12 14 7 2
12 15 41 10
12 16 16 2
13 14 10 5
13 15 36 1
13 16 16 6
14 20 39 9
14 34 25 10
14 15 18 7
14 16 33 7
15 16 40 2
16 41 46 3
17 18 1 2
17 19 17 8
17 20 20 8
18 19 45 9
18 20 25 2
19 20 1 1
21 34 6 9
21 22 48 7
21 23 2 2
21 24 1 3
22 23 23 9
22 24 11 3
23 24 7 6
25 26 8 2
25 27 2 2
26 27 16 6
29 30 6 5
29 31 24 4
30 31 10 10
33 34 20 9
33 35 22 6
34 35 25 1
36 37 1 6
36 38 20 4
36 39 8 3
36 40 31 7
36 41 43 10
37 38 13 3
37 39 29 10
37 40 7 5
37 41 10 7
38 39 4 9
38 40 5 5
38 41 26 10
39 40 12 10
39 41 45 4
40 41 2 5
42 43 19 8
44 45 48 5
44 46 14 9
45 46 7 1
47 48 34 8
47 49 3 3
48 49 27 10

0 20 22
1 26 16
2 38 22
3 22 31
4 48 20
5 15 70
6 12 52
7 28 20
8 37 31
