50 96 9

260

0 26 15 7
0 14 20 3
0 12 27 1
0 9 1 5
0 7 26 10
0 1 5 5
0 2 40 10
0 3 31 3
0 4 27 9
1 43 19 2
1 9 33 2
1 35 48 1
1 47 25 5
1 23 28 4
1 18 22 4
1 17 5 5
1 2 25 6
1 3 1 6
1 4 26 9
2 19 19 3
2 28 19 2
2 27 41 9
2 3 25 3
2 4 50 5
3 47 17 8
3 13 43 5
3 37 49 6
3 32 36 1
3 4 22 7
4 23 46 6
4 11 27 1
4 49 7 5
4 47 40 9
4 44 26 1
4 40 8 5
5 6 7 6
5 7 5 1
6 7 44 2
8 9 3 8
8 10 50 9
9 10 17 9
11 19 38 3
11 12 36 6
13 14 42 10
13 15 50 10
13 16 32 9
14 15 30 7
14 16 1 9
15 16 4 9
18 19 10 2
18 20 36 6
18 21 44 6
19 45 34 9
19 20 6 1
19 21 48 10
20 21 39 1
21 29 14 4
22 23 39 4
22 24 21 8
22 25 5 7
23 24 24 8
23 25 9 7
24 25 1 9
26 46 21 8
26 27 5 1
28 29 34 2
28 30 42 1
28 31 27 10
29 30 47 3
29 31 18 6
30 31 8 4
31 39 30 8
32 33 38 3
32 34 9 3
32 35 36 6
33 34 8 7
33 35 16 7
34 35 4 6
36 37 21 4
38 39 46 1
38 40 29 9
38 41 31 6
38 42 39 4
39 40 15 8
39 41 32 8
39 42 7 9
40 41 49 6
40 42 49 7
41 42 38 1
43 44 46 10
45 46 44 3
45 47 14 1
45 48 30 10
46 47 31 3
46 48 41 7
47 48 35 5

0 43 24
1 44 15
2 22 36
3 7 22
4 37 46
5 13 40
6 15 49
7 38 63
8 34 8
